# hardest 200 of solvable pool [2000..9999], cap=100000
# columns: pool_idx blind_expansions blind_plan_len (sorted hardest first)
3680 41130 78
7096 38384 68
2212 35197 74
9457 34100 62
4176 32569 62
7436 29735 74
5848 27486 68
4166 26656 84
3961 25103 82
5022 24785 64
7067 24717 66
3351 24254 70
6267 23952 48
2495 23884 78
3076 23748 68
8432 22373 64
4784 21989 80
6769 21724 66
3474 21719 74
7959 21274 40
9458 21244 60
7626 21059 62
7340 20958 54
6776 20749 76
3297 20584 54
2268 19412 66
9937 18938 80
5393 18506 58
4208 18346 60
6647 18222 62
9950 18163 60
5839 17723 60
9934 17649 60
2031 17570 56
6331 17555 58
8171 17509 64
3134 17341 50
3103 17266 46
6370 17174 60
5478 17148 68
3513 17137 42
8704 16756 62
9997 16590 64
8886 16460 62
5742 16402 66
9883 16269 76
5030 16249 56
6549 16070 58
8875 16041 66
7644 15925 64
5164 15924 60
6955 15893 64
6696 15625 60
4777 15503 54
7275 15169 64
7447 15148 60
3455 15036 60
7616 14766 62
6225 14698 70
3723 14620 58
8542 14619 60
9273 14619 68
5930 14547 60
4323 14397 68
6067 14093 50
8166 14008 46
4916 13997 68
6568 13886 76
2797 13863 74
4554 13837 76
2662 13665 70
2806 13651 58
7079 13581 70
4696 13549 54
4871 13510 46
5786 13337 54
2946 13274 62
6960 13242 68
7924 13198 62
7917 13151 56
5440 13102 70
8582 13075 68
9008 13067 78
2794 13034 62
6368 12966 58
9584 12887 58
3553 12857 90
6481 12839 56
2532 12805 46
4684 12782 50
7478 12781 48
9888 12764 58
4493 12716 48
6978 12656 60
4880 12651 64
5718 12597 50
8123 12586 56
2809 12512 66
7645 12473 58
7587 12472 70
2845 12467 58
9343 12246 64
2138 12208 52
4769 12018 74
4866 11917 66
3924 11902 42
8957 11901 54
7233 11891 50
9374 11863 64
3555 11847 52
3008 11845 62
6155 11807 50
3938 11735 60
6998 11452 60
2663 11446 58
5471 11372 50
6009 11354 68
2450 11334 56
4147 11323 68
8880 11299 48
8758 11177 54
8593 11154 62
8602 11132 54
5876 11114 52
7116 11105 54
9120 11073 66
4938 11048 56
3863 11046 46
8643 11031 70
6938 10986 64
4639 10985 52
8320 10814 56
9337 10811 42
3575 10805 56
2970 10732 60
4342 10698 58
7313 10695 74
4518 10675 66
5117 10491 40
9172 10463 54
6053 10436 54
3532 10401 60
7182 10373 54
9197 10364 52
3581 10325 58
6517 10320 54
2771 10247 48
5428 10240 50
8999 10153 46
2126 10143 56
3917 10113 62
6082 10084 62
2659 10058 52
9449 9985 58
6669 9825 64
8313 9768 58
8238 9714 58
8020 9687 64
9676 9650 48
8670 9631 58
7517 9616 50
2725 9574 56
4973 9537 46
7791 9482 54
2681 9474 54
9451 9466 42
5222 9438 60
9059 9407 42
7962 9403 66
5492 9380 56
2579 9373 50
8398 9366 60
4846 9306 54
3098 9284 58
7797 9256 60
9404 9251 58
3496 9241 56
7876 9179 54
8910 9168 52
5936 9128 62
8822 9123 50
3288 9121 48
2340 9099 56
2814 9083 56
7247 9044 50
5820 9022 80
2927 9001 62
5703 8992 54
6829 8981 52
3331 8948 40
3232 8905 48
4405 8900 52
8047 8895 74
3245 8836 56
9057 8821 44
6077 8813 70
9755 8800 60
7829 8764 50
7904 8743 54
2258 8729 74
