10 3 4 11 1 2 7 13 5 15 8 14 6 0 9 12 3 4 8 15 2 10 7 0 1 6 11 14 5 13 9 12
6 5 0 8 4 9 11 3 1 10 15 7 13 14 12 2 6 5 8 3 4 9 7 2 0 1 11 12 13 10 14 15
1 3 8 15 0 4 7 5 2 13 11 14 6 9 10 12 13 1 2 3 6 5 7 15 9 0 4 14 10 11 8 12
5 13 6 4 2 12 7 3 1 14 11 8 0 9 10 15 5 1 6 4 9 2 7 3 14 13 11 8 0 12 10 15
5 1 7 3 6 4 2 8 10 13 0 9 14 11 15 12 1 2 0 7 5 6 4 3 13 9 12 8 10 14 11 15
1 9 4 0 5 13 6 7 12 11 2 8 10 14 3 15 5 1 6 4 9 2 7 3 14 13 11 8 0 12 10 15
2 8 0 5 4 1 11 12 6 15 3 14 9 7 13 10 2 1 7 8 4 3 12 11 6 13 0 5 9 14 15 10
2 7 12 10 5 1 6 11 9 14 4 0 13 15 3 8 9 5 10 11 2 6 0 7 1 13 4 12 14 15 3 8
5 1 4 6 9 8 3 14 2 11 7 15 12 10 0 13 5 1 3 4 2 6 8 12 7 0 9 14 11 10 13 15
10 6 14 8 5 2 9 12 1 7 0 11 3 4 13 15 2 7 8 0 1 5 6 4 3 10 11 12 9 13 14 15
5 13 3 2 9 1 11 8 14 0 10 4 12 7 15 6 10 9 1 2 0 3 5 8 13 14 11 6 12 7 4 15
10 5 9 2 3 6 8 11 13 14 1 15 12 7 0 4 10 9 1 2 0 3 5 8 13 14 11 6 12 7 4 15
3 4 8 7 1 13 9 6 10 5 15 2 14 11 12 0 1 2 0 7 5 6 4 3 13 9 12 8 10 14 11 15
2 11 12 3 10 5 8 14 6 0 9 4 1 7 13 15 2 3 8 12 1 6 11 15 0 5 4 14 7 10 9 13
4 1 15 0 5 3 10 7 14 2 6 9 13 12 11 8 1 4 11 7 9 3 15 6 5 2 13 0 14 10 12 8
5 7 3 8 13 2 11 4 10 15 1 12 0 6 9 14 1 2 0 7 5 6 4 3 13 9 12 8 10 14 11 15
0 5 8 3 2 1 9 4 13 14 6 11 15 12 7 10 2 5 3 4 1 6 8 11 13 14 10 0 15 9 12 7
1 3 7 4 5 9 2 8 0 13 12 6 10 14 11 15 1 2 0 7 5 6 4 3 13 9 12 8 10 14 11 15
2 1 7 8 3 0 11 5 4 14 13 12 6 9 15 10 2 1 7 8 4 3 12 11 6 13 0 5 9 14 15 10
1 5 3 7 2 4 11 12 9 0 10 15 6 8 13 14 1 5 3 7 6 2 4 11 8 14 9 12 13 0 10 15
1 5 8 2 9 4 12 3 15 0 11 7 13 14 10 6 1 4 10 5 9 6 3 2 13 15 11 0 14 12 7 8
6 9 8 1 5 7 4 12 2 10 3 14 11 15 13 0 5 1 3 4 2 6 8 12 7 0 9 14 11 10 13 15
1 2 0 5 10 3 12 11 9 15 7 4 14 13 8 6 2 3 5 4 1 9 0 7 14 6 12 11 13 10 15 8
1 3 4 2 13 8 10 6 11 5 0 15 14 9 7 12 1 8 3 4 13 6 2 12 5 0 10 7 11 14 9 15
6 11 4 2 7 9 0 3 5 1 13 10 14 12 8 15 5 1 6 4 9 2 7 3 14 13 11 8 0 12 10 15
13 2 7 14 1 6 15 12 11 10 3 4 8 5 0 9 13 1 2 3 6 5 7 15 9 0 4 14 10 11 8 12
6 5 11 8 9 12 0 3 4 1 2 7 13 10 14 15 6 5 8 3 4 9 7 2 0 1 11 12 13 10 14 15
13 2 1 8 4 7 12 11 9 3 0 5 14 6 15 10 2 1 7 8 4 3 12 11 6 13 0 5 9 14 15 10
5 10 4 8 2 15 1 14 13 3 7 12 11 0 9 6 10 2 8 7 0 3 5 4 13 1 11 6 9 12 14 15
0 6 2 3 1 5 12 7 9 4 11 10 13 14 15 8 1 6 2 7 0 5 10 3 9 4 11 8 13 14 12 15
